#Layer_Color=32768
#
#Feature symbol names
#
$0 r3.937
$1 r1.9685

#
#Feature attribute names
#

#
#Layer features
#
L 0.007874 0.3740157 0.007874 0.4606299 0 P 0
L 0.007874 0.3740157 0.1850394 0.3740157 0 P 0
L 0.007874 0.4133859 0.007874 0.4527559 1 P 0
L 0.007874 0.4133859 0.0866142 0.4133859 1 P 0
L 0.007874 0.4527559 0.0866142 0.4527559 1 P 0
L 0.007874 0.4606299 0.1850394 0.4606299 0 P 0
L 0.0098425 0.3188976 0.0098425 0.3740158 0 P 0
L 0.0098425 0.3188976 0.1161417 0.3188976 0 P 0
L 0.0098425 0.3740158 0.0708661 0.3740158 0 P 0
L 0.0551181 0.3700788 0.0551181 0.4094488 1 P 0
L 0.0551181 0.3700788 0.1338583 0.3700788 1 P 0
L 0.0551181 0.4094488 0.1338583 0.4094488 1 P 0
L 0.0708661 0.3740158 0.1161417 0.3740158 0 P 0
L 0.0866142 0.4133859 0.0866142 0.4527559 1 P 0
L 0.1161417 0.3188976 0.1161417 0.3740158 0 P 0
L 0.1299212 0.2480315 0.1299212 0.2874015 1 P 0
L 0.1299212 0.2480315 0.2086614 0.2480315 1 P 0
L 0.1299212 0.2874015 0.2086614 0.2874015 1 P 0
L 0.1338583 0.3700788 0.1338583 0.4094488 1 P 0
L 0.1377953 0.1220472 0.1377953 0.2007874 1 P 0
L 0.1377953 0.1220472 0.1771653 0.1220472 1 P 0
L 0.1377953 0.2007874 0.1771653 0.2007874 1 P 0
L 0.1574803 0.3267717 0.1574803 0.3661417 1 P 0
L 0.1574803 0.3267717 0.2362205 0.3267717 1 P 0
L 0.1574803 0.3661417 0.2362205 0.3661417 1 P 0
L 0.1653543 0.1574804 0.1653543 0.1968504 1 P 0
L 0.1653543 0.1574804 0.2440945 0.1574804 1 P 0
L 0.1653543 0.1968504 0.2440945 0.1968504 1 P 0
L 0.1673228 0.2992126 0.1673228 0.3543308 0 P 0
L 0.1673228 0.2992126 0.273622 0.2992126 0 P 0
L 0.1673228 0.3543308 0.2283464 0.3543308 0 P 0
L 0.1692913 0.2007874 0.1692913 0.2401574 1 P 0
L 0.1692913 0.2007874 0.2480315 0.2007874 1 P 0
L 0.1692913 0.2401574 0.2480315 0.2401574 1 P 0
L 0.1771653 0.1220472 0.1771653 0.2007874 1 P 0
L 0.1771654 0.2440945 0.1771654 0.3228347 1 P 0
L 0.1771654 0.2440945 0.2165354 0.2440945 1 P 0
L 0.1771654 0.3228347 0.2165354 0.3228347 1 P 0
L 0.1811024 0 0.1811024 0.0787402 1 P 0
L 0.1811024 0 0.2204724 0 1 P 0
L 0.1811024 0.0787402 0.2204724 0.0787402 1 P 0
L 0.1850394 0.3543307 0.1850394 0.5314961 0 P 0
L 0.1850394 0.3543307 0.2716536 0.3543307 0 P 0
L 0.1850394 0.3740157 0.1850394 0.4606299 0 P 0
L 0.1850394 0.5314961 0.2716536 0.5314961 0 P 0
L 0.1929134 0.0196851 0.1929134 0.0590551 1 P 0
L 0.1929134 0.0196851 0.2716536 0.0196851 1 P 0
L 0.1929134 0.0590551 0.2716536 0.0590551 1 P 0
L 0.2047244 0.0551181 0.2047244 0.0944881 1 P 0
L 0.2047244 0.0551181 0.2834646 0.0551181 1 P 0
L 0.2047244 0.0944881 0.2834646 0.0944881 1 P 0
L 0.2086614 0.2480315 0.2086614 0.2874015 1 P 0
L 0.2165354 0.2440945 0.2165354 0.3228347 1 P 0
L 0.2204724 0 0.2204724 0.0787402 1 P 0
L 0.2283464 0.3543308 0.273622 0.3543308 0 P 0
L 0.2362205 0.3267717 0.2362205 0.3661417 1 P 0
L 0.2440945 0.1574804 0.2440945 0.1968504 1 P 0
L 0.2480315 0.2007874 0.2480315 0.2401574 1 P 0
L 0.2519685 0.1929134 0.2519685 0.2716536 1 P 0
L 0.2519685 0.1929134 0.2913385 0.1929134 1 P 0
L 0.2519685 0.2716536 0.2913385 0.2716536 1 P 0
L 0.2677165 0.0196851 0.2677165 0.0590551 1 P 0
L 0.2677165 0.0196851 0.3464567 0.0196851 1 P 0
L 0.2677165 0.0590551 0.3464567 0.0590551 1 P 0
L 0.2716536 0.003937 0.2716536 0.0826772 1 P 0
L 0.2716536 0.003937 0.3110236 0.003937 1 P 0
L 0.2716536 0.0196851 0.2716536 0.0590551 1 P 0
L 0.2716536 0.0826772 0.3110236 0.0826772 1 P 0
L 0.2716536 0.3543307 0.2716536 0.5314961 0 P 0
L 0.273622 0.2992126 0.273622 0.3543308 0 P 0
L 0.2795275 0.0629922 0.2795275 0.1023622 1 P 0
L 0.2795275 0.0629922 0.3582677 0.0629922 1 P 0
L 0.2795275 0.1023622 0.3582677 0.1023622 1 P 0
L 0.2795275 0.3543307 0.2795275 0.5314961 0 P 0
L 0.2795275 0.3543307 0.3661417 0.3543307 0 P 0
L 0.2795275 0.492126 0.2795275 0.531496 1 P 0
L 0.2795275 0.492126 0.3582677 0.492126 1 P 0
L 0.2795275 0.531496 0.3582677 0.531496 1 P 0
L 0.2795275 0.5314961 0.3661417 0.5314961 0 P 0
L 0.2834646 0.0551181 0.2834646 0.0944881 1 P 0
L 0.2913385 0.1929134 0.2913385 0.2716536 1 P 0
L 0.2913386 0.2677166 0.2913386 0.3070866 1 P 0
L 0.2913386 0.2677166 0.3700788 0.2677166 1 P 0
L 0.2913386 0.3070866 0.3700788 0.3070866 1 P 0
L 0.2913386 0.3070867 0.2913386 0.3464567 1 P 0
L 0.2913386 0.3070867 0.3700788 0.3070867 1 P 0
L 0.2913386 0.3464567 0.3700788 0.3464567 1 P 0
L 0.3110236 0.003937 0.3110236 0.0826772 1 P 0
L 0.3307086 0.1456693 0.3307086 0.1850393 1 P 0
L 0.3307086 0.1456693 0.4094488 0.1456693 1 P 0
L 0.3307086 0.1850393 0.4094488 0.1850393 1 P 0
L 0.3346456 0.1850394 0.3346456 0.2244094 1 P 0
L 0.3346456 0.1850394 0.4133858 0.1850394 1 P 0
L 0.3346456 0.2244094 0.4133858 0.2244094 1 P 0
L 0.3346456 0.2244095 0.3346456 0.2637795 1 P 0
L 0.3346456 0.2244095 0.4133858 0.2244095 1 P 0
L 0.3346456 0.2637795 0.4133858 0.2637795 1 P 0
L 0.3425197 0.2007874 0.3425197 0.2401574 1 P 0
L 0.3425197 0.2007874 0.4212599 0.2007874 1 P 0
L 0.3425197 0.2401574 0.4212599 0.2401574 1 P 0
L 0.3464567 0.0196851 0.3464567 0.0590551 1 P 0
L 0.3464567 0.4094488 0.3464567 0.488189 1 P 0
L 0.3464567 0.4094488 0.3858267 0.4094488 1 P 0
L 0.3464567 0.488189 0.3858267 0.488189 1 P 0
L 0.3543307 0.0196851 0.3543307 0.0590551 1 P 0
L 0.3543307 0.0196851 0.4330709 0.0196851 1 P 0
L 0.3543307 0.0590551 0.4330709 0.0590551 1 P 0
L 0.3582677 0.0629922 0.3582677 0.1023622 1 P 0
L 0.3582677 0.492126 0.3582677 0.531496 1 P 0
L 0.3661417 0.3543307 0.3661417 0.5314961 0 P 0
L 0.3700788 0.2677166 0.3700788 0.3070866 1 P 0
L 0.3700788 0.3070867 0.3700788 0.3464567 1 P 0
L 0.3779527 0.492126 0.3779527 0.531496 1 P 0
L 0.3779527 0.492126 0.4566929 0.492126 1 P 0
L 0.3779527 0.531496 0.4566929 0.531496 1 P 0
L 0.3858267 0.4094488 0.3858267 0.488189 1 P 0
L 0.3858268 0.4448819 0.3858268 0.4842519 1 P 0
L 0.3858268 0.4448819 0.464567 0.4448819 1 P 0
L 0.3858268 0.4842519 0.464567 0.4842519 1 P 0
L 0.3897638 0.4527559 0.3897638 0.5314961 1 P 0
L 0.3897638 0.4527559 0.4291338 0.4527559 1 P 0
L 0.3897638 0.5314961 0.4291338 0.5314961 1 P 0
L 0.3946849 0.2135828 0.3946849 0.4163387 1 P 0
L 0.3946849 0.2135828 0.5974408 0.2135828 1 P 0
L 0.3946849 0.4163387 0.5974408 0.4163387 1 P 0
L 0.3976378 0.0698819 0.3976378 0.1092519 1 P 0
L 0.3976378 0.0698819 0.476378 0.0698819 1 P 0
L 0.3976378 0.1092519 0.476378 0.1092519 1 P 0
L 0.4094488 0.1456693 0.4094488 0.1850393 1 P 0
L 0.4133858 0.1850394 0.4133858 0.2244094 1 P 0
L 0.4133858 0.2244095 0.4133858 0.2637795 1 P 0
L 0.4153543 0.0669291 0.4153543 0.1220473 0 P 0
L 0.4153543 0.0669291 0.5216535 0.0669291 0 P 0
L 0.4153543 0.1220473 0.4763779 0.1220473 0 P 0
L 0.4212599 0.1259842 0.4212599 0.2047244 1 P 0
L 0.4212599 0.1259842 0.4606299 0.1259842 1 P 0
L 0.4212599 0.2007874 0.4212599 0.2401574 1 P 0
L 0.4212599 0.2047244 0.4606299 0.2047244 1 P 0
L 0.4291338 0.4527559 0.4291338 0.5314961 1 P 0
L 0.4330708 0.0196851 0.4330708 0.0590551 1 P 0
L 0.4330708 0.0196851 0.511811 0.0196851 1 P 0
L 0.4330708 0.0590551 0.511811 0.0590551 1 P 0
L 0.4330709 0.0196851 0.4330709 0.0590551 1 P 0
L 0.4566929 0.492126 0.4566929 0.531496 1 P 0
L 0.4606299 0.1259842 0.4606299 0.2047244 1 P 0
L 0.464567 0.4448819 0.464567 0.4842519 1 P 0
L 0.4724409 0.2283465 0.4724409 0.2677165 1 P 0
L 0.4724409 0.2283465 0.5511811 0.2283465 1 P 0
L 0.4724409 0.2677165 0.5511811 0.2677165 1 P 0
L 0.4724409 0.492126 0.4724409 0.531496 1 P 0
L 0.4724409 0.492126 0.5511811 0.492126 1 P 0
L 0.4724409 0.531496 0.5511811 0.531496 1 P 0
L 0.472441 0.4094488 0.472441 0.488189 1 P 0
L 0.472441 0.4094488 0.511811 0.4094488 1 P 0
L 0.472441 0.488189 0.511811 0.488189 1 P 0
L 0.4763779 0.1220473 0.5216535 0.1220473 0 P 0
L 0.476378 0.0698819 0.476378 0.1092519 1 P 0
L 0.511811 0.0118111 0.511811 0.0511811 1 P 0
L 0.511811 0.0118111 0.5905512 0.0118111 1 P 0
L 0.511811 0.0196851 0.511811 0.0590551 1 P 0
L 0.511811 0.0511811 0.5905512 0.0511811 1 P 0
L 0.511811 0.4094488 0.511811 0.488189 1 P 0
L 0.5216535 0.0669291 0.5216535 0.1220473 0 P 0
L 0.523622 0.1023622 0.523622 0.1417322 1 P 0
L 0.523622 0.1023622 0.6023622 0.1023622 1 P 0
L 0.523622 0.1417322 0.6023622 0.1417322 1 P 0
L 0.527559 0.2637796 0.527559 0.3031496 1 P 0
L 0.527559 0.2637796 0.6062992 0.2637796 1 P 0
L 0.527559 0.3031496 0.6062992 0.3031496 1 P 0
L 0.5354331 0.4094488 0.5354331 0.488189 1 P 0
L 0.5354331 0.4094488 0.5748031 0.4094488 1 P 0
L 0.5354331 0.488189 0.5748031 0.488189 1 P 0
L 0.5433071 0.1417323 0.5433071 0.2204725 1 P 0
L 0.5433071 0.1417323 0.5826771 0.1417323 1 P 0
L 0.5433071 0.2204725 0.5826771 0.2204725 1 P 0
L 0.5511811 0.2283465 0.5511811 0.2677165 1 P 0
L 0.5511811 0.492126 0.5511811 0.531496 1 P 0
L 0.5708662 0.0629921 0.5708662 0.1417323 1 P 0
L 0.5708662 0.0629921 0.6102362 0.0629921 1 P 0
L 0.5708662 0.1417323 0.6102362 0.1417323 1 P 0
L 0.5748031 0.4094488 0.5748031 0.488189 1 P 0
L 0.5748032 0.4094488 0.5748032 0.488189 1 P 0
L 0.5748032 0.4094488 0.6141732 0.4094488 1 P 0
L 0.5748032 0.488189 0.6141732 0.488189 1 P 0
L 0.5826771 0.1417323 0.5826771 0.2204725 1 P 0
L 0.5866142 0.1692914 0.5866142 0.2086614 1 P 0
L 0.5866142 0.1692914 0.6653544 0.1692914 1 P 0
L 0.5866142 0.2086614 0.6653544 0.2086614 1 P 0
L 0.5866142 0.2086615 0.5866142 0.2480315 1 P 0
L 0.5866142 0.2086615 0.6653544 0.2086615 1 P 0
L 0.5866142 0.2480315 0.6653544 0.2480315 1 P 0
L 0.5905512 0.0118111 0.5905512 0.0511811 1 P 0
L 0.5974408 0.2135828 0.5974408 0.4163387 1 P 0
L 0.5984251 0.2480316 0.5984251 0.2874016 1 P 0
L 0.5984251 0.2480316 0.6771653 0.2480316 1 P 0
L 0.5984251 0.2874016 0.5984251 0.3267716 1 P 0
L 0.5984251 0.2874016 0.6771653 0.2874016 1 P 0
L 0.5984251 0.2874016 0.6771653 0.2874016 1 P 0
L 0.5984251 0.3267716 0.6771653 0.3267716 1 P 0
L 0.5984251 0.3267717 0.5984251 0.3661417 1 P 0
L 0.5984251 0.3267717 0.6771653 0.3267717 1 P 0
L 0.5984251 0.3661417 0.6771653 0.3661417 1 P 0
L 0.5984251 0.3661418 0.5984251 0.4055118 1 P 0
L 0.5984251 0.3661418 0.6771653 0.3661418 1 P 0
L 0.5984251 0.4055118 0.6771653 0.4055118 1 P 0
L 0.6023622 0.1023622 0.6023622 0.1417322 1 P 0
L 0.6062992 0.2637796 0.6062992 0.3031496 1 P 0
L 0.6102362 0.0629921 0.6102362 0.1417323 1 P 0
L 0.6102362 0.4133859 0.6102362 0.4527559 1 P 0
L 0.6102362 0.4133859 0.6889764 0.4133859 1 P 0
L 0.6102362 0.4527559 0.6889764 0.4527559 1 P 0
L 0.6141732 0.4094488 0.6141732 0.488189 1 P 0
L 0.6181103 0.4763779 0.6181103 0.5314961 0 P 0
L 0.6181103 0.4763779 0.7362205 0.4763779 0 P 0
L 0.6181103 0.5314961 0.6811025 0.5314961 0 P 0
L 0.6220473 0.011811 0.6220473 0.0905512 1 P 0
L 0.6220473 0.011811 0.6614173 0.011811 1 P 0
L 0.6220473 0.0905512 0.6614173 0.0905512 1 P 0
L 0.6220473 0.0944882 0.6220473 0.1732284 1 P 0
L 0.6220473 0.0944882 0.6614173 0.0944882 1 P 0
L 0.6220473 0.1732284 0.6614173 0.1732284 1 P 0
L 0.6614173 0.011811 0.6614173 0.0905512 1 P 0
L 0.6614173 0.0944882 0.6614173 0.1732284 1 P 0
L 0.6653544 0.1692914 0.6653544 0.2086614 1 P 0
L 0.6653544 0.2086615 0.6653544 0.2480315 1 P 0
L 0.6771653 0.2480316 0.6771653 0.2874016 1 P 0
L 0.6771653 0.2874016 0.6771653 0.3267716 1 P 0
L 0.6771653 0.3267717 0.6771653 0.3661417 1 P 0
L 0.6771653 0.3661418 0.6771653 0.4055118 1 P 0
L 0.6811025 0.5314961 0.7362205 0.5314961 0 P 0
L 0.6850394 0.1771654 0.6850394 0.484252 0 P 0
L 0.6850394 0.1771654 0.984252 0.1771654 0 P 0
L 0.6850394 0.484252 0.984252 0.484252 0 P 0
L 0.6889764 0.4133859 0.6889764 0.4527559 1 P 0
L 0.7007874 0.1220473 0.7007874 0.1614173 1 P 0
L 0.7007874 0.1220473 0.7795276 0.1220473 1 P 0
L 0.7007874 0.1614173 0.7795276 0.1614173 1 P 0
L 0.7322834 0.484252 0.7322834 0.523622 1 P 0
L 0.7322834 0.484252 0.8110236 0.484252 1 P 0
L 0.7322834 0.523622 0.8110236 0.523622 1 P 0
L 0.7362205 0.4763779 0.7362205 0.5314961 0 P 0
L 0.7755905 0.2007874 0.7755905 0.2401574 1 P 0
L 0.7755905 0.2007874 0.8543307 0.2007874 1 P 0
L 0.7755905 0.2401574 0.8543307 0.2401574 1 P 0
L 0.7795276 0.1220473 0.7795276 0.1614173 1 P 0
L 0.7874016 0.1456693 0.7874016 0.1850393 1 P 0
L 0.7874016 0.1456693 0.8661418 0.1456693 1 P 0
L 0.7874016 0.1850393 0.8661418 0.1850393 1 P 0
L 0.8031496 0.1456693 0.8031496 0.1850393 1 P 0
L 0.8031496 0.1456693 0.8818898 0.1456693 1 P 0
L 0.8031496 0.1850393 0.8818898 0.1850393 1 P 0
L 0.8110236 0.484252 0.8110236 0.523622 1 P 0
L 0.8307086 0.476378 0.8307086 0.515748 1 P 0
L 0.8307086 0.476378 0.9094488 0.476378 1 P 0
L 0.8307086 0.515748 0.9094488 0.515748 1 P 0
L 0.8307087 0.2637795 0.8307087 0.3425197 1 P 0
L 0.8307087 0.2637795 0.8700787 0.2637795 1 P 0
L 0.8307087 0.3425197 0.8700787 0.3425197 1 P 0
L 0.8464567 0 0.8464567 0.0787402 1 P 0
L 0.8464567 0 0.8858267 0 1 P 0
L 0.8464567 0.031496 0.8464567 0.1102362 1 P 0
L 0.8464567 0.031496 0.8858267 0.031496 1 P 0
L 0.8464567 0.0787402 0.8858267 0.0787402 1 P 0
L 0.8464567 0.1102362 0.8858267 0.1102362 1 P 0
L 0.8543307 0.2007874 0.8543307 0.2401574 1 P 0
L 0.8661418 0.1456693 0.8661418 0.1850393 1 P 0
L 0.8700787 0.2637795 0.8700787 0.3425197 1 P 0
L 0.8700788 0.1102362 0.8700788 0.1889764 1 P 0
L 0.8700788 0.1102362 0.9094488 0.1102362 1 P 0
L 0.8700788 0.1889764 0.9094488 0.1889764 1 P 0
L 0.8818898 0.1456693 0.8818898 0.1850393 1 P 0
L 0.8858267 0 0.8858267 0.0787402 1 P 0
L 0.8858267 0.031496 0.8858267 0.1102362 1 P 0
L 0.8858268 0.035433 0.8858268 0.1141732 1 P 0
L 0.8858268 0.035433 0.9251968 0.035433 1 P 0
L 0.8858268 0.1141732 0.9251968 0.1141732 1 P 0
L 0.9094488 0.1102362 0.9094488 0.1889764 1 P 0
L 0.9094488 0.476378 0.9094488 0.515748 1 P 0
L 0.9094489 0 0.9094489 0.0787402 1 P 0
L 0.9094489 0 0.9488189 0 1 P 0
L 0.9094489 0.0787402 0.9488189 0.0787402 1 P 0
L 0.9173229 0.0787401 0.9173229 0.1574803 1 P 0
L 0.9173229 0.0787401 0.9566929 0.0787401 1 P 0
L 0.9173229 0.1574803 0.9566929 0.1574803 1 P 0
L 0.9251968 0.035433 0.9251968 0.1141732 1 P 0
L 0.9488189 0 0.9488189 0.0787402 1 P 0
L 0.9566929 0.0787401 0.9566929 0.1574803 1 P 0
L 0.956693 0 0.956693 0.0787402 1 P 0
L 0.956693 0 0.996063 0 1 P 0
L 0.956693 0.0787401 0.956693 0.1574803 1 P 0
L 0.956693 0.0787401 0.996063 0.0787401 1 P 0
L 0.956693 0.0787402 0.996063 0.0787402 1 P 0
L 0.956693 0.1574803 0.996063 0.1574803 1 P 0
L 0.964567 0.1545275 0.964567 0.2332677 1 P 0
L 0.964567 0.1545275 1.003937 0.1545275 1 P 0
L 0.964567 0.2332677 1.003937 0.2332677 1 P 0
L 0.964567 0.3818897 0.964567 0.4606299 1 P 0
L 0.964567 0.3818897 1.003937 0.3818897 1 P 0
L 0.964567 0.4606299 1.003937 0.4606299 1 P 0
L 0.984252 0.1771654 0.984252 0.484252 0 P 0
L 0.996063 0 0.996063 0.0787402 1 P 0
L 0.996063 0.0787401 0.996063 0.1574803 1 P 0
L 1.003937 0.1545275 1.003937 0.2332677 1 P 0
L 1.003937 0.3818897 1.003937 0.4606299 1 P 0
L 1.007874 0.1692914 1.007874 0.2086614 1 P 0
L 1.007874 0.1692914 1.0866142 0.1692914 1 P 0
L 1.007874 0.2086614 1.0866142 0.2086614 1 P 0
L 1.027559 0.3700788 1.027559 0.4094488 1 P 0
L 1.027559 0.3700788 1.1062992 0.3700788 1 P 0
L 1.027559 0.4094488 1.1062992 0.4094488 1 P 0
L 1.027559 0.4133859 1.027559 0.4527559 1 P 0
L 1.027559 0.4133859 1.1062992 0.4133859 1 P 0
L 1.027559 0.4527559 1.1062992 0.4527559 1 P 0
L 1.0866142 0.1692914 1.0866142 0.2086614 1 P 0
L 1.1062992 0.3700788 1.1062992 0.4094488 1 P 0
L 1.1062992 0.4133859 1.1062992 0.4527559 1 P 0
